00000000
00000000
00000000
00002001
00000000
00000000
00000000
00002000
00000000
00000000
00000000
00002000
00000000
00000000
00000000
00002000
00000000
00000000
00000000
00002000
00000000
00000000
00000000
00002000
00000000
00000000
00000000
00002000
00000000
00000000
00000000
00002000
00000000
00000000
00000000
00002000
00000000
00000000
00000000
00002000
00000000
00000000
00000000
00002000
00000000
00000000
00000000
00002000
00000000
00000000
00000000
00002000
00000000
00000000
00000000
00002000
00000000
00000000
00000000
00002000
00000000
00000000
00000000
00002000
